RobotLocation: (141.00, 2.23, 38.57)
TreesLocation: (132.50, 2.91, 31.89)
FarmLocation: (140.54, 2.90, 38.66)
PoolLocation: (153.80, 1.21, 39.80)
RocksLocation: (167.50, 2.23, 33.40)
BenchLocation: (139.90, 1.67, 21.50)
FireLocation: (150.10, 1.58, 18.50)
RocketLocation: (159.70, 1.70, 20.40)
Inventory: (37, 17, 20, 15, 13, 14, 20, 8)
Health: 100
Hunger: 71.62489
Thirst: 71.62489
BenchBuilt: True
CampfireBuilt: True
RocketBuilt: False
AxeBuilt: True
ScytheBuilt: True
PickaxehBuilt: True
BenchBuildMats: (3, 0, 0, 0, 0, 1, 1, 1)
FireBuildMats: (2, 0, 0, 0, 0, 1, 0, 0)
Cookmats: (1, 1, 1, 0, 1, 0, 0, 0)
RocketBuildMats: (10, 0, 0, 0, 0, 10, 10, 10)
RocketLaunchMats: (1, 5, 5, 0, 10, 1, 1, 1)
AxeBuildMats: (2, 0, 0, 0, 0, 3, 0, 0)
ScytheBuildMats: (2, 0, 0, 0, 0, 0, 3, 0)
PickaxeBuildMats: (2, 0, 0, 0, 0, 0, 0, 3)
Reward: 4.81800008309074
